VARIANT	ALL_AC	ALL_AN	AFR_AC	AFR_AN	AMR_AC	AMR_AN	EAS_AC	EAS_AN	EUR_AC	EUR_AN	SAS_AC	SAS_AN	gnomad_afr_fishers	gnomad_amr_fishers	gnomad_eas_fishers	gnomad_eur_fishers	gnomad_sas_fishers
FCGR3B_1:161629989G>C	639	5008	52	1322	109	694	314	1008	63	1006	101	978	0.0000000	0.0676701	0.0000000	0.0000000	0.0630504
FCGR3B_1:161629903T>C	2669	5008	744	6530	335	694	341	1008	668	1006	581	978	0.0000000	0.1627178	0.0000000	0.0000804	0.0626571
FCGR3B_1:161629864G>T	415	5008	290	1322	19	694	0	1008	15	1006	91	978	0.0000000	0.0000001	0.0000000	0.0000000	0.3489956
FCGR3B_1:161629853T>C	1420	5008	440	1322	188	694	421	1008	134	1006	237	978	0.0112291	0.6335517	0.0000000	0.0000000	0.0483280
FCGR3B_1:161629983A>G	677	5008	88	1322	111	694	314	1008	64	1006	100	978	0.0000000	0.1337111	0.0000000	0.0000000	0.0123735
FCGR3B_1:161629726C>T	2220	5008	482	1322	354	694	659	1008	331	1006	394	978	0.0008566	0.0456538	0.0000000	0.0000109	0.1496818
FCGR3B_1:161629739C>T	37	5008	0	1322	1	0	34	1008	1	1006	1	978	0.0003165	0.0075307	0.0000000	0.0147073	0.0149052
SLC44A2_19:10631490C>T	6	5008	1	1322	1	694	0	1008	4	1006	0	978	1.0000000	0.5971453	0.5979273	0.0708690	0.5980222
SLC44A2_19:10631494A>G	4093	5008	1279	1322	591	694	716	1008	769	1006	738	978	0.0001625	0.4911899	0.0088650	0.2103741	0.1382590
ITGAM_16:31265490G>A	426	5008	159	1322	62	694	15	1008	132	1006	58	978	0.0006018	0.7188691	0.0000000	0.0000664	0.0118308
ITGAL_16:30506720G>C	1823	5008	556	1322	131	694	135	1008	303	1006	698	978	0.0129317	0.0000000	0.0000000	0.0073856	0.0000000
CD177_19:43362297G>A	172	5008	7	1322	39	694	0	1008	0	897	0	961	0.0000000	0.0101947	0.0000000	0.0000000	0.0000000
CD177_19:10602536G>A	86	5008	85	1322	1	694	0	1008	0	1006	0	978	0.0000000	0.0003392	0.0000002	0.0000002	0.0000004
CD177_19:10627963C>T	3939	5008	1136	1322	584	694	716	1008	769	1006	734	978	0.0542821	0.2654016	0.0562562	0.6005947	0.3805295
CD177_19:10631490C>T	6	5008	1	1322	1	694	0	1008	0	1002	0	978	1.0000000	0.5971453	0.5979273	0.5979219	0.5980222
CD177_19:10631494A>G	4093	5008	1279	1322	591	694	716	1008	769	1006	738	978	0.0001625	0.4911899	0.0088650	0.2103741	0.1382590
CD177_19:10632065G>A	2	5008	2	1322	0	694	0	1008	0	1006	0	978	0.1947773	1.0000000	1.0000000	1.0000000	1.0000000
CD177_19:10635053A>G	78	5008	75	1322	3	694	0	1008	0	1006	0	978	0.0000000	0.0152836	0.0000014	0.0000014	0.0000014
CD177_19:10635247C>T	78	5008	75	1322	3	694	0	1008	0	1006	0	978	0.0000000	0.0152836	0.0000014	0.0000014	0.0000014
CD177_19:10643307G>A	127	5008	121	1322	6	694	0	1008	0	1006	0	978	0.0000000	0.0043241	0.0000000	0.0000000	0.0000000
CD177_19:10643310C>G	4	5008	4	1322	0	694	0	1008	0	1006	0	978	0.0650057	1.0000000	1.0000000	1.0000000	1.0000000
CD177_19:10643627T>C	39	5008	38	1322	1	694	0	1008	0	1006	0	978	0.0000000	0.0827324	0.0017008	0.0016954	0.0016585
CD177_19:10643724A>G	3318	5008	910	1322	529	694	655	1008	601	1006	623	978	0.4364232	0.0245829	0.7419621	0.0658790	0.4858361
CD177_19:10644138G>A	149	5008	3	1322	18	694	25	1008	34	1006	69	978	0.0000000	0.7178467	0.4703133	0.4834586	0.0000001
CD177_19:10644229G>T	3754	5008	1138	1322	544	694	717	1008	631	1006	724	978	0.0025801	0.4806201	0.3377013	0.0012905	0.8304451
